9.25,-0.19087723620536123
9.35,-0.15692342506016085
9.45,-0.1247925736351277
9.55,-0.09438688720958333
9.65,-0.06561382184276238
9.75,-0.03838580270344179
9.85,-0.01261995752374652
9.95,0.01176213563413814
10.05,0.03483468706605484
10.15,0.056667921295243576
10.25,0.0773282908104572
10.35,0.0968786783233649
10.45,0.11537858816084218
10.55,0.1328843273746754
10.65,0.14944917711991482
10.75,0.16512355482349028
10.85,0.1799551676366705
10.950000000000001,0.19398915763842153
11.05,0.20726823923161003
11.15,0.21983282915023697
11.25,0.23172116947339558
11.35,0.2429694440203643
11.45,0.2536118884811001
11.55,0.26368089461732763
11.65,0.27320710885137683
11.75,0.2822195255428376
11.850000000000001,0.29074557523693006
11.950000000000001,0.29881120815318896
12.05,0.3064409731685709
12.15,0.31365809253537935
12.25,0.3204845325614236
12.350000000000001,0.32694107046753557
12.450000000000001,0.3330473576259345
12.55,0.3388219793719152
12.65,0.34428251157090345
12.75,0.3494455741130508
12.850000000000001,0.3543268814981841
12.950000000000001,0.35894129066507396
13.05,0.3633028462105971
13.15,0.36742482313642283
13.25,0.3713197672533285
13.350000000000001,0.3749995333661227
13.45,0.37847532135539363
13.55,0.38175771026590594
13.65,0.38485669050539606
13.75,0.3877816942517701
13.850000000000001,0.39054162416124993
13.950000000000001,0.3931448804648478
14.05,0.39559938653563886
14.150000000000002,0.3979126130046507
14.25,0.4000916004987691
14.350000000000001,0.40214298106986596
14.450000000000001,0.4040729983803737
14.55,0.4058875267067402
14.650000000000002,0.40759208881860826
14.75,0.4091918727881333
14.850000000000001,0.4106917477806036
14.95,0.412096278874423
15.05,0.4134097409555631
15.15,0.4146361317287733
15.25,0.4157791838851521
15.350000000000001,0.41684237646311295
15.450000000000001,0.41782894543732096
15.55,0.41874189356783353
15.650000000000002,0.4195839995394179
15.75,0.4203578264188657
15.850000000000001,0.4210657294560433
15.950000000000001,0.4217098632524231
16.05,0.4222921883189131
16.150000000000002,0.4228144770429443
16.25,0.42327831908297947
16.35,0.42368512620685955
16.450000000000003,0.42403613658871575
16.55,0.4243324185775251
16.650000000000002,0.4245748739487791
16.75,0.42476424064916324
16.85,0.4249010950426002
16.950000000000003,0.42498585366449404
17.05,0.4250187744895136
17.150000000000002,0.4249999577167741
17.25,0.42492934607480737
17.35,0.4248067246472481
17.450000000000003,0.424631720218706
17.55,0.4244038001388326
17.65,0.4241222707011259
17.75,0.42378627503153804
17.85,0.42339479048045975
17.950000000000003,0.42294662551014356
18.05,0.4224404160680936
18.150000000000002,0.4218746214353811
18.25,0.4212475195372517
18.35,0.4205572017017518
18.450000000000003,0.4198015668504191
18.550000000000004,0.4189783151033581
18.650000000000002,0.418084940779235
18.75,0.41711872476888806
18.85,0.4160767262593397
18.950000000000003,0.41495577378302323
19.050000000000004,0.4137524555649793
19.15,0.41246310913864365
19.25,0.4110838101986205
19.35,0.4096103606565123
19.450000000000003,0.40803827586345315
19.55,0.40636277096045553
19.650000000000002,0.4045787463150253
19.75,0.4026807719997209
19.85,0.400663071265412
19.950000000000003,0.39851950295894
20.050000000000004,0.3962435428316624
20.150000000000002,0.3938282636819942
20.25,0.39126631427150477
20.35,0.38854989695040043
20.450000000000003,0.38567074392429085
20.550000000000004,0.38262009209000597
20.65,0.37938865636387153
20.75,0.3759666014212625
20.85,0.3723435117614246
20.950000000000003,0.3685083600064466
21.05,0.36444947333790007
21.150000000000002,0.360154497968991
21.25,0.3556103615440893
21.35,0.35080323335119423
21.450000000000003,0.3457184822262367
21.550000000000004,0.3403406320210928
21.650000000000002,0.3346533144997738
21.750000000000004,0.32863921951941866
21.85,0.322280042344465
21.950000000000003,0.3155564279336365
22.050000000000004,0.3084479120301801
22.150000000000002,0.3009328588760511
22.25,0.29298839536046917
22.35,0.2845903414024229
22.450000000000003,0.2757131363552235
22.550000000000004,0.2663297612091194
22.650000000000002,0.2564116563551757
22.75,0.24592863466012888
22.85,0.23484878958764163
22.950000000000003,0.22313839808631758
23.050000000000004,0.21076181794889762
23.150000000000002,0.19768137933023894
23.250000000000004,0.1838572700938949
23.35,0.1692474146383361
23.450000000000003,0.15380734583399397
23.550000000000004,0.1374900696813645
23.650000000000006,0.12024592227822159
23.75,0.1020224186606196
23.85,0.08276409305759222
23.950000000000003,0.06241233007335857
24.050000000000004,0.040905186283200244
24.150000000000002,0.018177201700026464
24.25,-0.005840799462217701
24.35,-0.031221919334683164
24.450000000000003,-0.058043408890138565
24.55,-0.08638690306705804
24.650000000000002,-0.11633866923692945
24.750000000000004,-0.14798986977101025
24.85,-0.1814368395056977
24.950000000000003,-0.21678137895101973
25.050000000000004,-0.2541310641346657
25.150000000000006,-0.2935995740246057
25.250000000000004,-0.3353070365268571
25.35,-0.37938039411149455
25.450000000000003,-0.42595379017974694
25.550000000000004,-0.4751689773481007
25.650000000000002,-0.5271757488921366
25.750000000000004,-0.5821323946632327
25.85,-0.6402061828657516
25.950000000000003,-0.7015738691611251
26.05,-0.7664222346483156
26.150000000000002,-0.83494865435812
26.250000000000004,-0.9073616979915338