0.,-0.0029027809552365376,6.165366949688818e-8,-0.0029029852136126045
0.01,-0.0028660951888790343,7.916483631466573e-8,-0.002866351939397652
0.02,-0.002829312702738398,1.0164959212180443e-7,-0.002829635456466793
0.03,-0.0027924267315056024,1.3052054474963183e-7,-0.002792832483066169
0.04,-0.002755429426896804,1.6759150709613847e-7,-0.0027559395542020343
0.05,-0.002718311611366771,2.151914417941189e-7,-0.0027189530081138643
0.06,-0.002681062470278985,2.763107648338961e-7,-0.0026818689714857486
0.07,-0.0026436691667812997,3.547891943662177e-7,-0.002644683343252119
0.08,-0.002606116359585771,4.555569407798283e-7,-0.0026073917768342954
0.09,-0.002568385598773258,5.84944378627907e-7,-0.0025699896606215873
0.1,-0.0025304545683724803,7.510796375784649e-7,-0.0025324720964843093
0.11,-0.002492296136488699,9.643990598855614e-7,-0.0024948338760752346
0.12,-0.002453877163786441,1.238302543162344e-6,-0.0024570694546399963
0.13,-0.0024151570086930487,1.5899948560718409e-6,-0.00241917292201462
0.14,-0.002376085652213989,2.0415656435516337e-6,-0.002381137970438589
0.15,-0.002336601346059173,2.621375743325894e-6,-0.0023429578587529204
0.16,-0.002296627664079269,3.3658365302938143e-6,-0.0023046253724829163
0.17,-0.002256069807898694,4.32169345059988e-6,-0.0022661327792220256
0.18,-0.0022148099821093547,5.5489561782802805e-6,-0.0022274717786337868
0.19,-0.002172701611421041,7.12465778087474e-6,-0.002188633446269302
0.2,-0.002129562120752745,9.14767626299604e-6,-0.0021496081702535867
0.21,-0.0020851639386171273,0.000011744916784175173,-0.0021103855797193556
0.22,-0.0020392233139661293,0.000015079235345406113,-0.0020709544636539987
0.23,-0.0019913864574442994,0.000019359589228646187,-0.0020313026785648146
0.24,-0.0019412124315901324,0.000024854031286058423,-0.001991417043046619
0.25,-0.001888152124791529,0.00003190633055320762,-0.001951283216938272
0.26,-0.0018315225572433289,0.00004095720767525204,-0.0019108855622592088
0.27,-0.0017704756933684224,0.00005257142780246161,-0.0018702069824954176
0.28,-0.0017039608864159242,0.00006747230307293469,-0.001829228736019032
0.29,-0.0016306800698584365,0.00008658552669614476,-0.0017879302184261574
0.3,-0.0015490348438097561,0.00011109469113961397,-0.001746288707295234
0.31,-0.0014570646725698628,0.00014251132408465118,-0.001704279061209097
0.32,-0.001352375464223186,0.00018276277914479832,-0.0016618733627175024
0.33,-0.0012320577347605757,0.0002343017832020152,-0.0016190404920605685
0.34,-0.0010925931725823744,0.00030024175509367273,-0.0015757456146674224
0.35000000000000003,-0.0009297474459265896,0.0003845219746420288,-0.0015319495603148088
0.36,-0.0007384452933254636,0.0004921059758735157,-0.0014876080648311982
0.37,-0.0005126213548818538,0.0006292146691873715,-0.0014426708355527226
0.38,-0.00024503766151442357,0.0008035919487467203,-0.0013970803881541505
0.39,0.00007294160769025552,0.0010247939617707327,-0.0013507705831077796
0.4,0.0004516216892827388,0.001304482695961597,-0.0013036647619062345
0.41000000000000003,0.0009032819643704518,0.0016566890933628557,-0.0012556733415645487
0.42,0.0014424696562253324,0.0020979903012231767,-0.0012066906629466956
0.43,0.002086195052384611,0.0026475216197809426,-0.001156590790830863
0.44,0.0028538964169167245,0.003326721467936189,-0.001105221808016912
0.45,0.0037670173939251955,0.00415869770052018,-0.0010523978898306391
0.46,0.004848057431373901,0.005167121575220334,-0.0009978880088929941
0.47000000000000003,0.006119034859080475,0.006374618628118718,-0.0009413993436901637
0.48,0.007599443786051597,0.0078007419893639405,-0.0008825520135627629
0.49,0.009303963643808437,0.00945976816873726,-0.00082083888521443
0.5,0.011240336998657669,0.011358699411423562,-0.0007555580593652147
0.51,0.013407892659652684,0.013495917444067446,-0.0006856913109342976
0.52,0.015797100906452654,0.01586085026870271,-0.0006096640508356926
0.53,0.018390312843795217,0.018434786014586743,-0.000524805703328336
0.54,0.021163548949542792,0.02119267433580179,-0.00042586957462253233
0.55,0.024089060436512853,0.02410551781452132,-0.00029920209374655423
0.56,0.027142865548827576,0.027142865548827576,0.
0.5700000000000001,0.03027499072635028,0.03027499072635028,0
0.58,0.03347450260452828,0.03347450260452828,0
0.59,0.03671732626626914,0.03671732626626914,0
0.6,0.03998311966617117,0.03998311966617117,0
0.61,0.0432552664314703,0.0432552664314703,0
0.62,0.046520595179806216,0.046520595179806216,0
0.63,0.049768954508407535,0.049768954508407535,0
0.64,0.05299273825079873,0.05299273825079873,0
0.65,0.0561864216013061,0.0561864216013061,0
0.66,0.05934614151190589,0.05934614151190589,0
0.67,0.06246933575065125,0.06246933575065125,0
0.68,0.0655544431308836,0.0655544431308836,0
0.6900000000000001,0.0686006608446161,0.0686006608446161,0
0.7000000000000001,0.07160775179308457,0.07160775179308457,0
0.71,0.07457589391423608,0.07457589391423608,0
0.72,0.0775055637934381,0.0775055637934381,0
0.73,0.08039744769163529,0.08039744769163529,0
0.74,0.08325237416852058,0.08325237416852058,0
0.75,0.08607126351789866,0.08607126351789866,0
0.76,0.0888550901722621,0.0888550901722621,0
0.77,0.09160485503739715,0.09160485503739715,0
0.78,0.09432156538150989,0.09432156538150989,0
0.79,0.09700622043848528,0.09700622043848528,0
0.8,0.09965980130922089,0.09965980130922089,0
0.81,0.10228326407742616,0.10228326407742616,0
0.8200000000000001,0.10487753531443562,0.10487753531443562,0
0.8300000000000001,0.107443509346715,0.107443509346715,0
0.84,0.1099820468125585,0.1099820468125585,0
0.85,0.11249397415127856,0.11249397415127856,0
0.86,0.11498008375717439,0.11498008375717439,0
0.87,0.11744113459817475,0.11744113459817475,0
0.88,0.11987785315028768,0.11987785315028768,0
0.89,0.12229093453773245,0.12229093453773245,0
0.9,0.12468104379785527,0.12468104379785527,0
0.91,0.1270488172119225,0.1270488172119225,0
0.92,0.12939486365938568,0.12939486365938568,0
0.93,0.13171976596555685,0.13171976596555685,0
0.9400000000000001,0.13402408222182619,0.13402408222182619,0
0.9500000000000001,0.13630834706437314,0.13630834706437314,0
0.96,0.1385730729023464,0.1385730729023464,-2.407412430484045e-35
0.97,0.14081875109016626,0.14081875109016626,-1.2455004628625708e-25
0.98,0.14304585304126363,0.14304585304126363,-2.4933411358394817e-25
0.99,0.1452548312824788,0.1452548312824788,-3.7458842799799714e-25
1.,0.14744612044967753,0.14744612044967753,-5.005536742574456e-25