0.,4.074896147060058e-6
0.01,5.7853482446963055e-6
0.02,8.212919973339482e-6
0.03,0.000011657779757771597
0.04,0.00001654544142662124
0.05,0.00002347891573672734
0.06,0.00003331243269809905
0.07,0.00004725556824593888
0.08,0.00006702016363935045
0.09,0.00009502736572723327
0.1,0.00013469894727353562
0.11,0.0001908664556684979
0.12,0.00027034454379394683
0.13,0.0003827321305981741
0.14,0.0005415280994411189
0.15,0.0007656784872882793
0.16,0.0010817109215443424
0.17,0.0015266603724084114
0.18,0.00215204793150821
0.19,0.003029238844270602
0.2,0.0042565709445672
0.21,0.005968697227659617
0.22,0.008348605243063164
0.23,0.0116427304764948
0.24,0.0161794340103877
0.25,0.022390836310818042
0.26,0.030837593930987246
0.27,0.04223576132576028
0.28,0.057484619211543415
0.29,0.07769465154135713
0.3,0.10421614027620214
0.31,0.13867125453089457
0.32,0.1829952929454757
0.33,0.23949369481230198
0.34,0.31091698756497765
0.35000000000000003,0.400542485655837
0.36,0.5122287874084012
0.37,0.6503826245883229
0.38,0.8197608984571187
0.39,1.0250432391748776
0.4,1.27017022137984
0.41000000000000003,1.557551031704306
0.42,1.8873676978674045
0.43,2.257266695797138
0.44,2.6626560367918457
0.45,3.0976099320753723
0.46,3.5561269460450102
0.47000000000000003,4.033344565212316
0.48,4.526364308253464
0.49,5.034532799932687
0.5,5.5592221127570705
0.51,6.103234581667764
0.52,6.669716346840374
0.53,7.253240212353221
0.54,7.897387389792461
0.55,8.576818142800295
0.56,9.295701462192316
0.5700000000000001,10.057491661254367
0.58,10.864862485625943
0.59,11.719697048145804
0.6,12.62311680136858
0.61,13.57553781106369
0.62,14.57674579597595
0.63,15.625983189371484
0.64,16.722042462706266
0.65,17.863360636441033
0.66,19.048110599382333
0.67,20.274285690624456
0.68,21.53977495660123
0.6900000000000001,22.842427497140637
0.7000000000000001,24.180105257774517
0.71,25.55072442752696
0.72,26.95228621288232
0.73,28.38289816638118
0.74,29.84078746754874
0.75,31.32430761749319
0.76,32.831939956639495
0.77,34.36229128719205
0.78,35.91408871210323
0.79,37.486172617044
0.8,39.07748853977878
0.81,40.68707850421024
0.8200000000000001,42.31407225045299
0.8300000000000001,43.9576786699219
0.84,45.61717765522203
0.85,47.29191249667342
0.86,48.98128289785801
0.87,50.68473863865613
0.88,52.40177388292826
0.89,54.13192210665502
0.9,55.874751608686545
0.91,57.629861558358094
0.92,59.396878530555625
0.93,61.17545347812803
0.9400000000000001,62.96525909289939
0.9500000000000001,64.76598750919993
0.96,66.57734830728273
0.97,68.3990667778285
0.98,70.23088241268488
0.99,72.07254759086055
1.,73.92382643246277