0.,-0.08145299953095765,8.71618862877205e-7,-0.0814920941889392
0.01,-0.0808388811157554,1.1191734928873602e-6,-0.08088784509155539
0.02,-0.08022192783297785,1.43703520688852e-6,-0.0802832479722941
0.03,-0.07960150696623157,1.8451699400736253e-6,-0.07967829490929158
0.04,-0.07897682941295797,2.3692124736301103e-6,-0.07907297773354088
0.05,-0.078346911075833,3.0420752420780154e-6,-0.0784672880189909
0.06,-0.07771052493874935,3.9060132474200215e-6,-0.07786121707215712
0.07,-0.07706614170646242,5.015274083796628e-6,-0.0772547559212149
0.08,-0.07641185647735993,6.439498366077955e-6,-0.07664789530454466
0.09,-0.07574529847443286,8.26808222547565e-6,-0.07604062565869571
0.1,-0.07506352040843453,0.000010615772700122558,-0.07543293710573393
0.11,-0.07436286364342688,0.000013629842202773341,-0.07482481943993495
0.12,-0.07363879507375418,0.00001749928399167185,-0.07421626211378271
0.13,-0.07288571166192584,0.00002246659184423456,-0.0736072542232297
0.14,-0.07209670918283162,0.0000288428401175645,-0.07299778449217226
0.15,-0.07126331326124019,0.00003702697233242642,-0.07238784125609102
0.16,-0.0703751738525121,0.00004753044554515727,-0.07177741244480233
0.17,-0.0694197297120988,0.00006100867281014494,-0.07116648556426289
0.18,-0.06838185820169826,0.00007830106528799945,-0.07055504767736537
0.19,-0.06724353928357717,0.00010048190500081562,-0.06994308538365739
0.2,-0.06598358207465863,0.00012892477909344553,-0.06933058479791197
0.21,-0.0645774887000781,0.00016538386522799603,-0.06871753152747082
0.22,-0.06299756274128315,0.00021209594233807523,-0.06810391064827623
0.23,-0.06121340445043002,0.0002719075409475665,-0.06748970667950042
0.24,-0.05919296260015016,0.0003484320105980722,-0.0668749035566735
0.25,-0.05690431564887089,0.0004462412396687566,-0.06625948460320308
0.26,-0.05431830598323162,0.000571095940960074,-0.06564343250016996
0.27,-0.05141201859495977,0.0007302162370422706,-0.06502672925427418
0.28,-0.04817285702953995,0.0009325899043219483,-0.06440935616379463
0.29,-0.04460263755259009,0.0011893079443571657,-0.06379129378241472
0.3,-0.04072077677891672,0.0015139048300479745,-0.06317252188075201
0.31,-0.03656544790223081,0.0019226626335122807,-0.06255301940541663
0.32,-0.03219172446621916,0.0024348139608894484,-0.06193276443540682
0.33,-0.02766634294933367,0.0030725500986977777,-0.061311734135632595
0.34,-0.023059707792879275,0.003860714104337776,-0.060689904707339176
0.35000000000000003,-0.01843678160258837,0.004826046001886459,-0.06006725133518043
0.36,-0.013849067419474833,0.005995867466761944,-0.059443748130668564
0.37,-0.009329670787301889,0.007396167146172641,-0.05881936807170062
0.38,-0.004892477127542944,0.009049186049146838,-0.05819408293783204
0.39,-0.0005352054505207392,0.010970788664302893,-0.05756786324093549
0.4,0.003754970777913499,0.013168082180936649,-0.05694067815084696
0.41000000000000003,0.007995043190816542,0.01563782462142753,-0.05631249541555971
0.42,0.012200685514244997,0.01836606619152893,-0.05568328127548175
0.43,0.01638270443996249,0.02132919156998871,-0.055053000371221565
0.44,0.020545680060449725,0.024496167972357544,-0.05442161564430905
0.45,0.02468840833814451,0.027831505661199175,-0.053789088230195056
0.46,0.028805426342614793,0.031298322778788405,-0.05315537734279985
0.47000000000000003,0.03288889037350356,0.034860993771244415,-0.052520440149799494
0.48,0.03693027539076245,0.03848707463801037,-0.05188423163774645
0.49,0.04092162516438981,0.042148430560370855,-0.05124670446601652
0.5,0.04485629923097101,0.04582166313598409,-0.050607808808454745
0.51,0.04872929244960308,0.04948801919106635,-0.04996749218145847
0.52,0.05253725241897989,0.053132975122332365,-0.04932569925708137
0.53,0.056278317301135375,0.05674565994300933,-0.0486823716595665
0.54,0.059951869830132,0.06031823402899764,-0.04803744774351491
0.55,0.06355827158142482,0.06384529631544576,-0.047390862351665126
0.56,0.06709861450989683,0.06732335806923619,-0.046742546549992756
0.5700000000000001,0.07057450730338971,0.07075039773421911,-0.046092427337532625
0.58,0.07398790178467918,0.07412549704277806,-0.04544042732797046
0.59,0.07734095772169382,0.07744855104780547,-0.04478646439963954
0.6,0.08063594117076699,0.08072004157907461,-0.044130451310078096
0.61,0.08387515043422954,0.08394086305576148,-0.04347229527074446
0.62,0.08706086385438704,0.08711219036270511,-0.042811897476831624
0.63,0.09019530435558908,0.0902353798580071,-0.04214915258635432
0.64,0.09328061651724774,0.0933118960872645,-0.0414839481417751
0.65,0.09631885282030608,0.09634325820940845,-0.04081616392636402
0.66,0.09931196646992041,0.09933100139147621,-0.040145671246213835
0.67,0.10226180882895644,0.10227664947593815,-0.039472332127314776
0.68,0.10517013000143892,0.10518169607180448,-0.03879599841527842
0.6900000000000001,0.1080385814969359,0.10804759189298735,-0.038116510763116285
0.7000000000000001,0.1108687202050047,0.11087573669259587,-0.03743369748984377
0.71,0.11366201313207959,0.11366747454765631,-0.03674737328948233
0.72,0.11641984251818002,0.11642409155973477,-0.036057337766132846
0.73,0.1191435110713696,0.11914681527374744,-0.035363373766013666
0.74,0.12183424714503413,0.12183681529665562,-0.03466524547146318
0.75,0.1244932097453642,0.12449520473311247,-0.03396269621459979
0.76,0.12712149330047307,0.12712304215689246,-0.0332554459592133
0.77,0.1297201321533053,0.12972133391318547,-0.032543188388006565
0.78,0.13229010476157052,0.13229103660378314,-0.03182558751781546
0.79,0.13483233760209198,0.13483305964956324,-0.031102273746963907
0.8,0.13734770878618693,0.1373482678560974,-0.03037283921517709
0.81,0.13983705139845082,0.13983748393139775,-0.02963683232571835
0.8200000000000001,0.14230115657464612,0.1423014909218387,-0.028893751239184466
0.8300000000000001,0.14474077633606844,0.1447410345447069,-0.02814303609525197
0.84,0.14715662619830663,0.1471568254048066,-0.02738405964771655
0.85,0.14954938757212557,0.14954954108896967,-0.026616115902343758
0.86,0.15191970997354398,0.15191982813684718,-0.025838406216006193
0.87,0.1542682130592494,0.1542683038894878,-0.025050022133924037
0.88,0.15659548850241062,0.15659555821931187,-0.024249923986236772
0.89,0.15890210172281113,0.15890215514644246,-0.023436913899625073
0.9,0.16118859348408685,0.1611886343471687,-0.022609601347539914
0.91,0.16345548136974547,0.16345551256073712,-0.02176635857225376
0.92,0.16570326114860015,0.16570328490081837,-0.02090526201190623
0.93,0.16793240803926934,0.16793242607795247,-0.020024013997835675
0.9400000000000001,0.17014337788249717,0.17014339153910885,-0.019119835997529453
0.9500000000000001,0.17233660822921898,0.17233661853024174,-0.018189319737352466
0.96,0.174512519351549,0.17451252708742016,-0.017228214068593643
0.97,0.17667151518318336,0.17667152096177846,-0.01623111028703181
0.98,0.17881398419509945,0.17881398848319366,-0.015190960112135398
0.99,0.180940300211879,0.1809403033672542,-0.014098303592147421
1.,0.18305082317348742,0.1830508254697534,-0.012939961788697711