-1.,-2.3394215710222016e-6
-0.99,-2.576951022478641e-6
-0.98,-2.838597495552549e-6
-0.97,-3.1268096251679234e-6
-0.96,-3.444284652551233e-6
-0.95,-3.7939936642478807e-6
-0.94,-4.179209393376897e-6
-0.9299999999999999,-4.6035368426990975e-6
-0.92,-5.070947016079387e-6
-0.91,-5.585814073877489e-6
-0.9,-6.152956259311056e-6
-0.89,-6.777680978830114e-6
-0.88,-7.4658344574942316e-6
-0.87,-8.22385643373982e-6
-0.86,-9.058840404578631e-6
-0.85,-9.978599984131532e-6
-0.84,-0.000010991741995434789
-0.83,-0.000012107746978295697
-0.8200000000000001,-0.000013337057864977066
-0.81,-0.00001469117765163015
-0.8,-0.000016182776977214164
-0.79,-0.000017825812613593253
-0.78,-0.00001963565797237954
-0.77,-0.000021629246845490658
-0.76,-0.000023825231719098854
-0.75,-0.00002624415813660086
-0.74,-0.00002890865673394229
-0.73,-0.00003184365473544447
-0.72,-0.00003507660887726173
-0.71,-0.00003863776192425921
-0.7,-0.00004256042516338305
-0.69,-0.00004688128949615477
-0.6799999999999999,-0.000051640768015095273
-0.6699999999999999,-0.00005688337323898999
-0.6599999999999999,-0.00006265813249793607
-0.6499999999999999,-0.0000690190453083575
-0.64,-0.00007602558695999092
-0.63,-0.00008374326295684323
-0.62,-0.00009224421941355043
-0.61,-0.00010160791501319763
-0.6,-0.00011192186068453418
-0.59,-0.00012328243376108695
-0.5800000000000001,-0.00013579577404540391
-0.5700000000000001,-0.00014957876992379725
-0.56,-0.000164760143465595
-0.55,-0.00018148164429948255
-0.54,-0.0001998993629954795
-0.53,-0.00022018517569785483
-0.52,-0.00024252833285675964
-0.51,-0.00026713720610140095
-0.5,-0.00029424120858634757
-0.49,-0.00032409290553144133
-0.48,-0.0003569703331652149
-0.47,-0.0003931795458735582
-0.45999999999999996,-0.00043305741304726895
-0.44999999999999996,-0.00047697468891076423
-0.43999999999999995,-0.0005253393804888385
-0.42999999999999994,-0.0005786004408181231
-0.42000000000000004,-0.0006372518165097712
-0.41000000000000003,-0.0007018368807938367
-0.4,-0.00077295328517705
-0.39,-0.000851258264772049
-0.38,-0.0009374744341255317
-0.37,-0.001032396111886192
-0.36,-0.001136896213777216
-0.35,-0.0012519337538960662
-0.33999999999999997,-0.001378561994133319
-0.32999999999999996,-0.0015179372801922078
-0.31999999999999995,-0.0016713285999307248
-0.30999999999999994,-0.00184012789506504
-0.29999999999999993,-0.0020258611500698874
-0.29000000000000004,-0.002230200271625218
-0.28,-0.002454975757236955
-0.27,-0.0023063879345330226
-0.26,-0.0023267563286343677
-0.25,-0.0023867169392572897
-0.24,-0.0024665492288580186
-0.22999999999999998,-0.0025596238220333104
-0.21999999999999997,-0.002662742649440881
-0.20999999999999996,-0.0027739878461683805
-0.19999999999999996,-0.0028919831777219403
-0.18999999999999995,-0.003015568360151089
-0.17999999999999994,-0.00314362398156513
-0.16999999999999993,-0.0032749579119258024
-0.16000000000000003,-0.0034082169055701245
-0.15000000000000002,-0.003541806132544722
-0.14,-0.003673807019345541
-0.13,-0.0038018870405844146
-0.12,-0.003923196509697363
-0.10999999999999999,-0.004034248014499345
-0.09999999999999998,-0.004130774451206072
-0.08999999999999997,-0.0042075619770264765
-0.07999999999999996,-0.004258254964908223
-0.06999999999999995,-0.004275131626103405
-0.05999999999999994,-0.004248851938992439
-0.04999999999999993,-0.004168184651433445
-0.040000000000000036,-0.004019728357093284
-0.030000000000000027,-0.0037876539846694694
-0.020000000000000018,-0.0034535131712756075
-0.010000000000000009,-0.0029961785412341373
0.,-0.0023920051748274186
0.010000000000000009,-0.001615320826169986
0.020000000000000018,-0.0006393536533830227
0.030000000000000027,0.0005623265038375812
0.040000000000000036,0.002013860377927853
0.050000000000000044,0.0037347900107705103
0.06000000000000005,0.005737702281074151
0.07000000000000006,0.00802628076535633
0.08000000000000007,0.01059425313321307
0.09000000000000008,0.01342558409508955
0.10000000000000009,0.01649597284088783
0.1100000000000001,0.01977537288167416
0.1200000000000001,0.023231004194790454
0.13000000000000012,0.026830268998294764
0.14000000000000012,0.030543109667179158
0.15000000000000013,0.03434357419121374
0.15999999999999992,0.03821057678205384
0.16999999999999993,0.042127991310115645
0.17999999999999994,0.046084278019876676
0.18999999999999995,0.050071839909958976
0.19999999999999996,0.05408626570279176
0.20999999999999996,0.058125567367492734
0.21999999999999997,0.06218947670243903
0.22999999999999998,0.06627883319097215
0.24,0.0703950742485229
0.25,0.07453982670784187
0.26,0.07871459212077639
0.27,0.0829205158173901
0.28,0.08715822897585755
0.29000000000000004,0.0914277531720379
0.30000000000000004,0.09572845742201194
0.31000000000000005,0.10005905834172404
0.32000000000000006,0.10441765464449954
0.33000000000000007,0.10880178778885805
0.3400000000000001,0.11320852121590974
0.3500000000000001,0.11763453131486616
0.3600000000000001,0.12207620404491029
0.3700000000000001,0.12652973201670775
0.3800000000000001,0.13099120777209705
0.3900000000000001,0.13545670995775025
0.40000000000000013,0.1399223800244943
0.4099999999999999,0.1443844879571773
0.41999999999999993,0.14883948631645208
0.42999999999999994,0.1532840525300631
0.43999999999999995,0.1577151198950795
0.44999999999999996,0.16212989814263573
0.45999999999999996,0.166525884680689
0.47,0.1709008677820546
0.48,0.1752529230424839
0.49,0.1795804044163286
0.5,0.18388193106469491
0.51,0.18815637114063075
0.52,0.19240282350310178
0.53,0.19662059820877156
0.54,0.20080919648752604
0.55,0.2049682907712311
0.56,0.20909770522000512
0.5700000000000001,0.2131973970790231
0.5800000000000001,0.2172674391027486
0.5900000000000001,0.22130800320256497
0.6000000000000001,0.22531934540735946
0.6100000000000001,0.2293017921734819
0.6200000000000001,0.2332557280391773
0.6300000000000001,0.23718158458747904
0.6400000000000001,0.2410798306590678
0.6500000000000001,0.24495096374123954
0.6600000000000001,0.24879550244953696
0.6699999999999999,0.2526139800135571
0.6799999999999999,0.2564069386769307
0.69,0.26017492492258637
0.7,0.2639184854374553
0.71,0.2676381637351327
0.72,0.2713344973602357
0.73,0.27500801560391464
0.74,0.2786592376659012
0.75,0.2822886712044012
0.76,0.28589681122092353
0.77,0.289484139232655
0.78,0.2930511226901899
0.79,0.29659821460325153
0.8,0.3001258533414897
0.81,0.3036344625814839
0.8200000000000001,0.30712445137475636
0.8300000000000001,0.3105962143148942
0.8400000000000001,0.3140501317848289
0.8500000000000001,0.3174865702679481
0.8600000000000001,0.32090588270903747
0.8700000000000001,0.3243084089131014
0.8800000000000001,0.32769447597191037
0.8900000000000001,0.3310643987097011
0.9000000000000001,0.33441848014082903
0.9100000000000001,0.33775701193336743
0.9199999999999999,0.3410802748736848
0.9299999999999999,0.34438853932792257
0.94,0.34768206569706817
0.95,0.3509611048629759
0.96,0.3542258986232501
0.97,0.3574766801133894
0.98,0.36071367421499184
0.99,0.36393709794916523
1.,0.36714716085457744
1.0100000000000002,0.3703440653498146
1.02,0.37352800707991934
1.0300000000000002,0.3766991752471437
1.04,0.3798577529260787
1.0499999999999998,0.3830039173634376
1.06,0.3861378402628445
1.0699999999999998,0.3892596880550566
1.08,0.39236962215408827
1.0899999999999999,0.39546779919974656
1.1,0.39855437128711196
1.1099999999999999,0.4016294861835127
1.12,0.40469328753355016
1.13,0.40774591505273167
1.1400000000000001,0.41078750471026504
1.15,0.41381818890156247
1.1600000000000001,0.416838096610986
1.17,0.41984735356535263
1.1800000000000002,0.4228460823787072
1.19,0.4258344026888444
1.2000000000000002,0.42881243128605245
1.21,0.4317802822345168
1.2200000000000002,0.434738066986823
1.23,0.4376858944919561
1.2400000000000002,0.4406238712971923
1.25,0.44355210164424425
1.2600000000000002,0.446470687560014
1.27,0.449379728942279
1.2800000000000002,0.4522793236406275
1.29,0.4551695675329305
1.3000000000000003,0.4580505545976353
1.31,0.46092237698213356
1.3199999999999998,0.46378512506745423
1.33,0.46663888752950866
1.3399999999999999,0.4694837513971037
1.35,0.47231980210692837
1.3599999999999999,0.4751471235556986
1.37,0.4779657981496449
1.38,0.48077590685150107
1.3900000000000001,0.48357752922515734
1.4,0.48637074347811826
1.4100000000000001,0.48915562650190414
1.42,0.49193225391052176
1.4300000000000002,0.49470070007712547
1.44,0.4974610381689751
1.4500000000000002,0.5002133401808014
1.46,0.5029576769666668
1.4700000000000002,0.5056941182704218
1.48,0.5084227327548301
1.4900000000000002,0.5111435880294539
1.5,0.5138567506773601
1.5100000000000002,0.5165622862807254
1.52,0.5192602594453981
1.5300000000000002,0.5219507338244823
1.54,0.5246337721409926
1.5500000000000003,0.5273094362096381
1.56,0.5299777869577806
1.5699999999999998,0.5326388844456134
1.58,0.535292787885603
1.5899999999999999,0.5379395556612325
1.6,0.5405792453450863
1.6099999999999999,0.5432119137163045
1.62,0.5458376167774489
1.63,0.5484564097708002
1.6400000000000001,0.5510683471941246
1.65,0.5536734828159265
1.6600000000000001,0.5562718696902228
1.67,0.5588635601708503
1.6800000000000002,0.5614486059253395
1.69,0.5640270579483667
1.7000000000000002,0.5665989665748066
1.71,0.5691643814924046
1.7200000000000002,0.5717233517540855
1.73,0.5742759257899096
1.7400000000000002,0.5768221514187001
1.75,0.5793620758593481
1.7600000000000002,0.5818957457418107
1.77,0.5844232071178165
1.7800000000000002,0.586944505471291
1.79,0.5894596857285054
1.8000000000000003,0.5919687922679723
1.81,0.5944718689300835
1.8199999999999998,0.5969689590265144
1.83,0.5994601053493879
1.8399999999999999,0.6019453501802222
1.85,0.6044247352986589
1.8599999999999999,0.606898301990982
1.87,0.6093660910584394
1.88,0.6118281428253672
1.8900000000000001,0.614284497147128
1.9,0.6167351934178661
1.9100000000000001,0.6191802705780909
1.92,0.6216197671220852
1.9300000000000002,0.6240537211051527
1.94,0.6264821701507043
1.9500000000000002,0.6289051514571916
1.96,0.6313227018048886
1.9700000000000002,0.6337348575625277
1.98,0.6361416546937969
1.9900000000000002,0.6385431287636999
2.,0.6409393149447776
2.0100000000000002,0.6433302480232096
2.02,0.6457159624047811
2.0300000000000002,0.6480964921207338
2.04,0.6504718708334941
2.0500000000000003,0.6528421318422873
2.06,0.6552073080886394
2.0700000000000003,0.6575674321617689
2.08,0.6599225363038717
2.09,0.6622726524153011
2.1,0.66461781205965
2.11,0.6669580464687296
2.12,0.6692933865474557
2.13,0.671623862878639
2.14,0.6739495057276854
2.15,0.6762703450472054
2.16,0.6785864104815388
2.17,0.6808977313711905
2.18,0.6832043367571882
2.19,0.6855062553853559
2.2,0.687803515710509
2.21,0.690096145900572
2.22,0.6923841738406218
2.23,0.6946676271368568
2.24,0.6969465331204936
2.25,0.699220918851593
2.2600000000000002,0.7014908111228193
2.27,0.7037562364631296
2.2800000000000002,0.7060172211414
2.29,0.708273791169985
2.3000000000000003,0.7105259723082171
2.31,0.7127737900658416
2.3200000000000003,0.7150172697063943
2.33,0.7172564362505177
2.34,0.7194913144792231
2.35,0.721721928937092
2.36,0.7239483039354261
2.37,0.726170463555342
2.38,0.7283884316508126
2.39,0.7306022318516586
2.4,0.7328118875664862
2.41,0.7350174219855793
2.42,0.7372188580837395
2.43,0.7394162186230826
2.44,0.7416095261557827
2.45,0.7437988030267777
2.46,0.7459840713764249
2.47,0.748165353143115
2.48,0.7503426700658434
2.49,0.7525160436867385
2.5,0.7546854953535495
2.5100000000000002,0.7568510462220941
2.52,0.7590127172586655
2.5300000000000002,0.7611705292424028
2.54,0.763324502767621
2.5500000000000003,0.7654746582461052
2.56,0.7676210159093674
2.5700000000000003,0.7697635958108696
2.58,0.7719024178282088
2.59,0.7740375016652687
2.6,0.77616886685434
2.61,0.7782965327582029
2.62,0.7804205185721815
2.63,0.7825408433261641
2.64,0.7846575258865927
2.65,0.7867705849584217
2.66,0.7888800390870467
2.67,0.7909859066602033
2.68,0.793088205909839
2.69,0.7951869549139523
2.7,0.797282171598409
2.71,0.7993738737387265
2.72,0.8014620789618362
2.73,0.8035468047478139
2.74,0.8056280684315883
2.75,0.8077058872046229
2.7600000000000002,0.8097802781165728
2.77,0.8118512580769168
2.7800000000000002,0.8139188438565661
2.79,0.815983052089448
2.8000000000000003,0.8180438992740681
2.81,0.8201014017750485
2.8200000000000003,0.8221555758246445
2.83,0.8242064375242371
2.84,0.826254002845808
2.85,0.8282982876333894
2.86,0.8303393076044936
2.87,0.8323770783515246
2.88,0.8344116153431674
2.89,0.8364429339257582
2.9,0.8384710493246327
2.91,0.8404959766454618
2.92,0.8425177308755601
2.93,0.8445363268851828
2.94,0.846551779428801
2.95,0.8485641031463589
2.96,0.8505733125645163
2.97,0.8525794220978705
2.98,0.8545824460501643
2.99,0.8565823986154744
3.,0.8585792938793857