9.25,1.0300292599036127
9.35,0.966576172834659
9.45,0.908033072647059
9.55,0.8540200295145299
9.65,0.8041865125285853
9.75,0.7582091148421184
9.85,0.7157894548412416
9.95,0.6766522397245237
10.05,0.6405434789227454
10.15,0.6072288357647238
10.25,0.5764921066919324
10.35,0.5481338181524125
10.45,0.5219699320681666
10.55,0.49783065147485556
10.65,0.47555931858269684
10.75,0.45501139810726404
10.85,0.4360535392722627
10.950000000000001,0.41856271039691745
11.05,0.4024254004516645
11.15,0.3875368824004478
11.25,0.37380053354889886
11.35,0.36112720848763213
11.45,0.3494346605612171
11.55,0.3386470081083095
11.65,0.32869424200897357
11.75,0.3195117713433053
11.850000000000001,0.31104000421279443
11.950000000000001,0.303223961004064
12.05,0.2960129175851668
12.15,0.2893600761188738
12.25,0.2832222613566164
12.350000000000001,0.27755964044210735
12.450000000000001,0.2723354644062374
12.55,0.267515829675615
12.65,0.2630694580470004
12.75,0.2589674936997241
12.850000000000001,0.25518331592875193
12.950000000000001,0.251692366383082
13.05,0.24847198968829437
13.15,0.2455012864189351
13.25,0.2427609774665619
13.350000000000001,0.2402332789232351
13.45,0.2379017866684796
13.55,0.23575136991071644
13.65,0.23376807299227464
13.75,0.2319390248207236
13.850000000000001,0.2302523553387575
13.950000000000001,0.22869711849054364
14.05,0.22726322118460446
14.150000000000002,0.22594135779222185
14.25,0.22472294975627416
14.350000000000001,0.22360008991858293
14.450000000000001,0.22256549120446806
14.55,0.2216124393314869
14.650000000000002,0.22073474923544945
14.75,0.2199267249309254
14.850000000000001,0.21918312254574762
14.95,0.21849911628961594
15.05,0.21787026713594598
15.15,0.21729249401371575
15.25,0.21676204732235305
15.350000000000001,0.21627548459778173
15.450000000000001,0.2158296481717057
15.55,0.21542164467914476
15.650000000000002,0.21504882628123229
15.75,0.21470877348141443
15.850000000000001,0.2143992794235332
15.950000000000001,0.21411833556989118
16.05,0.21386411866635308
16.150000000000002,0.2136349789098902
16.25,0.2134294292417785
16.35,0.21324613569696577
16.450000000000003,0.2130839087469778
16.55,0.21294169558018133
16.650000000000002,0.21281857326930426
16.75,0.2127137427818725
16.85,0.2126265237946925
16.950000000000003,0.21255635027872682
17.05,0.21250276682570968
17.150000000000002,0.21246542569266313
17.25,0.21244408454513375
17.35,0.21243860488450333
17.450000000000003,0.2124489511491685
17.55,0.2124751904837548
17.65,0.21251749317486812
17.75,0.21257613375621154
17.85,0.21265149279023926
17.950000000000003,0.21274405933791007
18.05,0.2128544341325685
18.150000000000002,0.21298333347855147
18.25,0.21313159389982123
18.35,0.21330017756879277
18.450000000000003,0.2134901785505885
18.550000000000004,0.2137028299032422
18.650000000000002,0.21393951167993192
18.75,0.21420175988517426
18.85,0.21449127644310279
18.950000000000003,0.21480994024252265
19.050000000000004,0.21515981933042083
19.15,0.21554318433306513
19.25,0.21596252319179104
19.35,0.2164205573091077
19.450000000000003,0.21692025920990815
19.55,0.21746487183239965
19.650000000000002,0.21805792957394737
19.75,0.21870328122841426
19.85,0.21940511496385412
19.950000000000003,0.2201679855026566
20.050000000000004,0.2209968436805368
20.150000000000002,0.22189706857619956
20.25,0.2228745024201919
20.35,0.22393548850949246
20.450000000000003,0.22508691237389572
20.550000000000004,0.2263362464613482
20.65,0.22769159863223476
20.75,0.22916176477732958
20.85,0.2307562859008897
20.950000000000003,0.23248551003934553
21.05,0.234360659417424
21.150000000000002,0.23639390327753274
21.25,0.23859843685504661
21.35,0.24098856701202914
21.450000000000003,0.24357980508512656
21.550000000000004,0.24638896755019724
21.650000000000002,0.2494342851569611
21.750000000000004,0.25273552124192755
21.85,0.2563140999874216
21.950000000000003,0.2601932454590761
22.050000000000004,0.2643981323241097
22.150000000000002,0.2689560492285124
22.25,0.2738965758934154
22.35,0.2792517750799557
22.450000000000003,0.28505640066843924
22.550000000000004,0.29134812320218195
22.650000000000002,0.2981677743597525
22.75,0.3055596119421776
22.85,0.31357160709481224
22.950000000000003,0.3222557556278668
23.050000000000004,0.33166841545598946
23.150000000000002,0.3418706723467922
23.250000000000004,0.35292873635194294
23.35,0.36491437149355593
23.450000000000003,0.377905361494438
23.550000000000004,0.39198601457466054
23.650000000000006,0.407247710590459
23.75,0.42378949406625155
23.85,0.44171871696840603
23.950000000000003,0.4611517353921881
24.050000000000004,0.4822146646832194
24.150000000000002,0.5050441978939841
24.25,0.5297884928869648
24.35,0.5566081338414764
24.450000000000003,0.5856771734041359
24.55,0.6171842622462578
24.650000000000002,0.6513338733587183
24.750000000000004,0.6883476290296444
24.85,0.728465739116679
24.950000000000003,0.7719485599478486
25.050000000000004,0.819078283967897
25.150000000000006,0.8701607710954525
25.250000000000004,0.9255275336760912
25.35,0.9855378879131166
25.450000000000003,1.0505812857383128
25.550000000000004,1.1210798422558876
25.650000000000002,1.1974910751621206
25.750000000000004,1.2803108739188158
25.85,1.3700767179497386
25.950000000000003,1.4673711647453453
26.05,1.5728256305126835
26.150000000000002,1.6871244879059468
26.250000000000004,1.811009507430869